theta =

  -0.41714
   0.84357

J_history =

   6.73719
   5.93159
   5.90115
   5.89523
   5.89009
   5.88500
   5.87993
   5.87488
   5.86984
   5.86483
   5.85983
   5.85485
   5.84988
   5.84494
   5.84001
   5.83510
   5.83021
   5.82534
   5.82048
   5.81564
   5.81082
   5.80601
   5.80123
   5.79646
   5.79170
   5.78697
   5.78225
   5.77755
   5.77286
   5.76820
   5.76354
   5.75891
   5.75429
   5.74969
   5.74511
   5.74054
   5.73599
   5.73145
   5.72694
   5.72243
   5.71795
   5.71348
   5.70902
   5.70459
   5.70016
   5.69576
   5.69137
   5.68699
   5.68264
   5.67829
   5.67397
   5.66965
   5.66536
   5.66108
   5.65681
   5.65256
   5.64833
   5.64411
   5.63991
   5.63572
   5.63154
   5.62738
   5.62324
   5.61911
   5.61500
   5.61090
   5.60681
   5.60274
   5.59869
   5.59465
   5.59062
   5.58661
   5.58262
   5.57863
   0.00000
   0.00000
   0.00000
   0.00000
   0.00000
   0.00000
   0.00000
   0.00000
   0.00000
   0.00000
   0.00000
   0.00000
   0.00000
   0.00000
   0.00000
   0.00000
   0.00000
   0.00000
   0.00000
   0.00000
   0.00000
   0.00000
   0.00000
   0.00000
   0.00000
   0.00000
   0.00000
   0.00000
   0.00000
   0.00000
   0.00000
   0.00000
   0.00000
   0.00000
   0.00000
   0.00000
   0.00000
   0.00000
   0.00000
   0.00000
   0.00000
   0.00000
   0.00000
   0.00000
   0.00000
   0.00000
   0.00000
   0.00000
   0.00000
   0.00000
   0.00000
   0.00000
   0.00000
   0.00000
   0.00000
   0.00000
   0.00000
   0.00000
   0.00000
   0.00000
   0.00000
   0.00000
   0.00000
   0.00000
   0.00000
   0.00000
   0.00000
   0.00000
   0.00000
   0.00000
   0.00000
   0.00000
   0.00000
   0.00000
   0.00000
   0.00000
   0.00000
   0.00000
   0.00000
   0.00000
   0.00000
   0.00000
   0.00000
   0.00000
   0.00000
   0.00000
   0.00000
   0.00000
   0.00000
   0.00000
   0.00000
   0.00000
   0.00000
   0.00000
   0.00000
   0.00000
   0.00000
   0.00000
   0.00000
   0.00000
   0.00000
   0.00000
   0.00000
   0.00000
   0.00000
   0.00000
   0.00000
   0.00000
   0.00000
   0.00000
   0.00000
   0.00000
   0.00000
   0.00000
   0.00000
   0.00000
   0.00000
   0.00000
   0.00000
   0.00000
   0.00000
   0.00000
   0.00000
   0.00000
   0.00000
   0.00000
   0.00000
   0.00000
   0.00000
   0.00000
   0.00000
   0.00000
   0.00000
   0.00000
   0.00000
   0.00000
   0.00000
   0.00000
   0.00000
   0.00000
   0.00000
   0.00000
   0.00000
   0.00000
   0.00000
   0.00000
   0.00000
   0.00000
   0.00000
   0.00000
   0.00000
   0.00000
   0.00000
   0.00000
   0.00000
   0.00000
   0.00000
   0.00000
   0.00000
   0.00000
   0.00000
   0.00000
   0.00000
   0.00000
   0.00000
   0.00000
   0.00000
   0.00000
   0.00000
   0.00000
   0.00000
   0.00000
   0.00000
   0.00000
   0.00000
   0.00000
   0.00000
   0.00000
   0.00000
   0.00000
   0.00000
   0.00000
   0.00000
   0.00000
   0.00000
   0.00000
   0.00000
   0.00000
   0.00000
   0.00000
   0.00000
   0.00000
   0.00000
   0.00000
   0.00000
   0.00000
   0.00000
   0.00000
   0.00000
   0.00000
   0.00000
   0.00000
   0.00000
   0.00000
   0.00000
   0.00000
   0.00000
   0.00000
   0.00000
   0.00000
   0.00000
   0.00000
   0.00000
   0.00000
   0.00000
   0.00000
   0.00000
   0.00000
   0.00000
   0.00000
   0.00000
   0.00000
   0.00000
   0.00000
   0.00000
   0.00000
   0.00000
   0.00000
   0.00000
   0.00000
   0.00000
   0.00000
   0.00000
   0.00000
   0.00000
   0.00000
   0.00000
   0.00000
   0.00000
   0.00000
   0.00000
   0.00000
   0.00000
   0.00000
   0.00000
   0.00000
   0.00000
   0.00000
   0.00000
   0.00000
   0.00000
   0.00000
   0.00000
   0.00000
   0.00000
   0.00000
   0.00000
   0.00000
   0.00000
   0.00000
   0.00000
   0.00000
   0.00000
   0.00000
   0.00000
   0.00000
   0.00000
   0.00000
   0.00000
   0.00000
   0.00000
   0.00000
   0.00000
   0.00000
   0.00000
   0.00000
   0.00000
   0.00000
   0.00000
   0.00000
   0.00000
   0.00000
   0.00000
   0.00000
   0.00000
   0.00000
   0.00000
   0.00000
   0.00000
   0.00000
   0.00000
   0.00000
   0.00000
   0.00000
   0.00000
   0.00000
   0.00000
   0.00000
   0.00000
   0.00000
   0.00000
   0.00000
   0.00000
   0.00000
   0.00000
   0.00000
   0.00000
   0.00000
   0.00000
   0.00000
   0.00000
   0.00000
   0.00000
   0.00000
   0.00000
   0.00000
   0.00000
   0.00000
   0.00000
   0.00000
   0.00000
   0.00000
   0.00000
   0.00000
   0.00000
   0.00000
   0.00000
   0.00000
   0.00000
   0.00000
   0.00000
   0.00000
   0.00000
   0.00000
   0.00000
   0.00000
   0.00000
   0.00000
   0.00000
   0.00000
   0.00000
   0.00000
   0.00000
   0.00000
   0.00000
   0.00000
   0.00000
   0.00000
   0.00000
   0.00000
   0.00000
   0.00000
   0.00000
   0.00000
   0.00000
   0.00000
   0.00000
   0.00000
   0.00000
   0.00000
   0.00000
   0.00000
   0.00000
   0.00000
   0.00000
   0.00000
   0.00000
   0.00000
   0.00000
   0.00000
   0.00000
   0.00000
   0.00000
   0.00000
   0.00000
   0.00000
   0.00000
   0.00000
   0.00000
   0.00000
   0.00000
   0.00000
   0.00000
   0.00000
   0.00000
   0.00000
   0.00000
   0.00000
   0.00000
   0.00000
   0.00000
   0.00000
   0.00000
   0.00000
   0.00000
   0.00000
   0.00000
   0.00000
   0.00000
   0.00000
   0.00000
   0.00000
   0.00000
   0.00000
   0.00000
   0.00000
   0.00000
   0.00000
   0.00000
   0.00000
   0.00000
   0.00000
   0.00000
   0.00000
   0.00000
   0.00000
   0.00000
   0.00000
   0.00000
   0.00000
   0.00000
   0.00000
   0.00000
   0.00000
   0.00000
   0.00000
   0.00000
   0.00000
   0.00000
   0.00000
   0.00000
   0.00000
   0.00000
   0.00000
   0.00000
   0.00000
   0.00000
   0.00000
   0.00000
   0.00000
   0.00000
   0.00000
   0.00000
   0.00000
   0.00000
   0.00000
   0.00000
   0.00000
   0.00000
   0.00000
   0.00000
   0.00000
   0.00000
   0.00000
   0.00000
   0.00000
   0.00000
   0.00000
   0.00000
   0.00000
   0.00000
   0.00000
   0.00000
   0.00000
   0.00000
   0.00000
   0.00000
   0.00000
   0.00000
   0.00000
   0.00000
   0.00000
   0.00000
   0.00000
   0.00000
   0.00000
   0.00000
   0.00000
   0.00000
   0.00000
   0.00000
   0.00000
   0.00000
   0.00000
   0.00000
   0.00000
   0.00000
   0.00000
   0.00000
   0.00000
   0.00000
   0.00000
   0.00000
   0.00000
   0.00000
   0.00000
   0.00000
   0.00000
   0.00000
   0.00000
   0.00000
   0.00000
   0.00000
   0.00000
   0.00000
   0.00000
   0.00000
   0.00000
   0.00000
   0.00000
   0.00000
   0.00000
   0.00000
   0.00000
   0.00000
   0.00000
   0.00000
   0.00000
   0.00000
   0.00000
   0.00000
   0.00000
   0.00000
   0.00000
   0.00000
   0.00000
   0.00000
   0.00000
   0.00000
   0.00000
   0.00000
   0.00000
   0.00000
   0.00000
   0.00000
   0.00000
   0.00000
   0.00000
   0.00000
   0.00000
   0.00000
   0.00000
   0.00000
   0.00000
   0.00000
   0.00000
   0.00000
   0.00000
   0.00000
   0.00000
   0.00000
   0.00000
   0.00000
   0.00000
   0.00000
   0.00000
   0.00000
   0.00000
   0.00000
   0.00000
   0.00000
   0.00000
   0.00000
   0.00000
   0.00000
   0.00000
   0.00000
   0.00000
   0.00000
   0.00000
   0.00000
   0.00000
   0.00000
   0.00000
   0.00000
   0.00000
   0.00000
   0.00000
   0.00000
   0.00000
   0.00000
   0.00000
   0.00000
   0.00000
   0.00000
   0.00000
   0.00000
   0.00000
   0.00000
   0.00000
   0.00000
   0.00000
   0.00000
   0.00000
   0.00000
   0.00000
   0.00000
   0.00000
   0.00000
   0.00000
   0.00000
   0.00000
   0.00000
   0.00000
   0.00000
   0.00000
   0.00000
   0.00000
   0.00000
   0.00000
   0.00000
   0.00000
   0.00000
   0.00000
   0.00000
   0.00000
   0.00000
   0.00000
   0.00000
   0.00000
   0.00000
   0.00000
   0.00000
   0.00000
   0.00000
   0.00000
   0.00000
   0.00000
   0.00000
   0.00000
   0.00000
   0.00000
   0.00000
   0.00000
   0.00000
   0.00000
   0.00000
   0.00000
   0.00000
   0.00000
   0.00000
   0.00000
   0.00000
   0.00000
   0.00000
   0.00000
   0.00000
   0.00000
   0.00000
   0.00000
   0.00000
   0.00000
   0.00000
   0.00000
   0.00000
   0.00000
   0.00000
   0.00000
   0.00000
   0.00000
   0.00000
   0.00000
   0.00000
   0.00000
   0.00000
   0.00000
   0.00000
   0.00000
   0.00000
   0.00000
   0.00000
   0.00000
   0.00000
   0.00000
   0.00000
   0.00000
   0.00000
   0.00000
   0.00000
   0.00000
   0.00000
   0.00000
   0.00000
   0.00000
   0.00000
   0.00000
   0.00000
   0.00000
   0.00000
   0.00000
   0.00000
   0.00000
   0.00000
   0.00000
   0.00000
   0.00000
   0.00000
   0.00000
   0.00000
   0.00000
   0.00000
   0.00000
   0.00000
   0.00000
   0.00000
   0.00000
   0.00000
   0.00000
   0.00000
   0.00000
   0.00000
   0.00000
   0.00000
   0.00000
   0.00000
   0.00000
   0.00000
   0.00000
   0.00000
   0.00000
   0.00000
   0.00000
   0.00000
   0.00000
   0.00000
   0.00000
   0.00000
   0.00000
   0.00000
   0.00000
   0.00000
   0.00000
   0.00000
   0.00000
   0.00000
   0.00000
   0.00000
   0.00000
   0.00000
   0.00000
   0.00000
   0.00000
   0.00000
   0.00000
   0.00000
   0.00000
   0.00000
   0.00000
   0.00000
   0.00000
   0.00000
   0.00000
   0.00000
   0.00000
   0.00000
   0.00000
   0.00000
   0.00000
   0.00000
   0.00000
   0.00000
   0.00000
   0.00000
   0.00000
   0.00000
   0.00000
   0.00000
   0.00000
   0.00000
   0.00000
   0.00000
   0.00000
   0.00000
   0.00000
   0.00000
   0.00000
   0.00000
   0.00000
   0.00000
   0.00000
   0.00000
   0.00000
   0.00000
   0.00000
   0.00000
   0.00000
   0.00000
   0.00000
   0.00000
   0.00000
   0.00000
   0.00000
   0.00000
   0.00000
   0.00000
   0.00000
   0.00000
   0.00000
   0.00000
   0.00000
   0.00000
   0.00000
   0.00000
   0.00000
   0.00000
   0.00000
   0.00000
   0.00000
   0.00000
   0.00000
   0.00000
   0.00000
   0.00000
   0.00000
   0.00000
   0.00000
   0.00000
   0.00000
   0.00000
   0.00000
   0.00000
   0.00000
   0.00000
   0.00000
   0.00000
   0.00000
   0.00000
   0.00000
   0.00000
   0.00000
   0.00000
   0.00000
   0.00000
   0.00000
   0.00000
   0.00000
   0.00000
   0.00000
   0.00000
   0.00000
   0.00000
   0.00000
   0.00000
   0.00000
   0.00000
   0.00000
   0.00000
   0.00000
   0.00000
   0.00000
   0.00000
   0.00000
   0.00000
   0.00000
   0.00000
   0.00000
   0.00000
   0.00000
   0.00000
   0.00000
   0.00000
   0.00000
   0.00000
   0.00000
   0.00000
   0.00000
   0.00000
   0.00000
   0.00000
   0.00000
   0.00000
   0.00000
   0.00000
   0.00000
   0.00000
   0.00000
   0.00000
   0.00000
   0.00000
   0.00000
   0.00000
   0.00000
   0.00000
   0.00000
   0.00000
   0.00000
   0.00000
   0.00000
   0.00000
   0.00000
   0.00000
   0.00000
   0.00000
   0.00000
   0.00000
   0.00000
   0.00000
   0.00000
   0.00000
   0.00000
   0.00000
   0.00000
   0.00000
   0.00000
   0.00000
   0.00000
   0.00000
   0.00000
   0.00000
   0.00000
   0.00000
   0.00000
   0.00000
   0.00000
   0.00000
   0.00000
   0.00000
   0.00000
   0.00000
   0.00000
   0.00000
   0.00000
   0.00000
   0.00000
   0.00000
   0.00000
   0.00000
   0.00000
   0.00000
   0.00000
   0.00000
   0.00000
   0.00000
   0.00000
   0.00000
   0.00000
   0.00000
   0.00000
   0.00000
   0.00000
   0.00000
   0.00000
   0.00000
   0.00000
   0.00000
   0.00000
   0.00000
   0.00000
   0.00000
   0.00000
   0.00000
   0.00000
   0.00000
   0.00000
   0.00000
   0.00000
   0.00000
   0.00000
   0.00000
   0.00000
   0.00000
   0.00000
   0.00000
   0.00000
   0.00000
   0.00000
   0.00000
   0.00000
   0.00000
   0.00000
   0.00000
   0.00000
   0.00000
   0.00000
   0.00000
   0.00000
   0.00000
   0.00000
   0.00000
   0.00000
   0.00000
   0.00000
   0.00000
   0.00000
   0.00000
   0.00000
   0.00000
   0.00000
   0.00000
   0.00000
   0.00000
   0.00000
   0.00000
   0.00000
   0.00000
   0.00000
   0.00000
   0.00000
   0.00000
   0.00000
   0.00000
   0.00000
   0.00000
   0.00000
   0.00000
   0.00000
   0.00000
   0.00000
   0.00000
   0.00000
   0.00000
   0.00000
   0.00000
   0.00000
   0.00000
   0.00000
   0.00000
   0.00000
   0.00000
   0.00000
   0.00000
   0.00000
   0.00000
   0.00000
   0.00000
   0.00000
   0.00000
   0.00000
   0.00000
   0.00000
   0.00000
   0.00000
   0.00000
   0.00000
   0.00000
   0.00000
   0.00000
   0.00000
   0.00000
   0.00000
   0.00000
   0.00000
   0.00000
   0.00000
   0.00000
   0.00000
   0.00000
   0.00000
   0.00000
   0.00000
   0.00000
   0.00000
   0.00000
   0.00000
   0.00000
   0.00000
   0.00000
   0.00000
   0.00000
   0.00000
   0.00000
   0.00000
   0.00000
   0.00000
   0.00000
   0.00000
   0.00000
   0.00000
   0.00000
   0.00000
   0.00000
   0.00000
   0.00000
   0.00000
   0.00000
   0.00000
   0.00000
   0.00000
   0.00000
   0.00000
   0.00000
   0.00000
   0.00000
   0.00000
   0.00000
   0.00000
   0.00000
   0.00000
   0.00000
   0.00000
   0.00000
   0.00000
   0.00000
   0.00000
   0.00000
   0.00000
   0.00000
   0.00000
   0.00000
   0.00000
   0.00000
   0.00000
   0.00000
   0.00000
   0.00000
   0.00000
   0.00000
   0.00000
   0.00000
   0.00000
   0.00000
   0.00000
   0.00000
   0.00000
   0.00000
   0.00000
   0.00000
   0.00000
   0.00000
   0.00000
   0.00000
   0.00000
   0.00000
   0.00000
   0.00000
   0.00000
   0.00000
   0.00000
   0.00000
   0.00000
   0.00000
   0.00000
   0.00000
   0.00000
   0.00000
   0.00000
   0.00000
   0.00000
   0.00000
   0.00000
   0.00000
   0.00000
   0.00000
   0.00000
   0.00000
   0.00000
   0.00000
   0.00000
   0.00000
   0.00000
   0.00000
   0.00000
   0.00000
   0.00000
   0.00000
   0.00000
   0.00000
   0.00000
   0.00000
   0.00000
   0.00000
   0.00000
   0.00000
   0.00000
   0.00000
   0.00000
   0.00000
   0.00000
   0.00000
   0.00000
   0.00000
   0.00000
   0.00000
   0.00000
   0.00000
   0.00000
   0.00000
   0.00000
   0.00000
   0.00000
   0.00000
   0.00000
   0.00000
   0.00000
   0.00000
   0.00000
   0.00000
   0.00000
   0.00000
   0.00000
   0.00000
   0.00000
   0.00000
   0.00000
   0.00000
   0.00000
   0.00000
   0.00000
   0.00000
   0.00000
   0.00000
   0.00000
   0.00000
   0.00000
   0.00000
   0.00000
   0.00000
   0.00000
   0.00000
   0.00000
   0.00000
   0.00000
   0.00000
   0.00000
   0.00000
   0.00000
   0.00000
   0.00000
   0.00000
   0.00000
   0.00000
   0.00000
   0.00000
   0.00000
   0.00000
   0.00000
   0.00000
   0.00000
   0.00000
   0.00000
   0.00000
   0.00000
   0.00000
   0.00000
   0.00000
   0.00000
   0.00000
   0.00000
   0.00000
   0.00000
   0.00000
   0.00000
   0.00000
   0.00000
   0.00000
   0.00000
   0.00000
   0.00000
   0.00000
   0.00000
   0.00000
   0.00000
   0.00000
   0.00000
   0.00000
   0.00000
   0.00000
   0.00000
   0.00000
   0.00000
   0.00000
   0.00000
   0.00000
   0.00000
   0.00000
   0.00000
   0.00000
   0.00000
   0.00000
   0.00000
   0.00000
   0.00000
   0.00000
   0.00000
   0.00000
   0.00000
   0.00000
   0.00000
   0.00000
   0.00000
   0.00000
   0.00000
   0.00000
   0.00000
   0.00000
   0.00000
   0.00000
   0.00000
   0.00000
   0.00000
   0.00000
   0.00000
   0.00000
   0.00000
   0.00000
   0.00000
   0.00000
   0.00000
   0.00000
   0.00000
   0.00000
   0.00000
   0.00000
   0.00000
   0.00000
   0.00000
   0.00000
   0.00000
   0.00000
   0.00000
   0.00000
   0.00000
   0.00000
   0.00000
   0.00000
   0.00000
   0.00000
   0.00000
   0.00000
   0.00000
   0.00000
   0.00000
   0.00000
   0.00000
   0.00000
   0.00000
   0.00000
   0.00000
   0.00000
   0.00000
   0.00000
   0.00000
   0.00000
   0.00000
   0.00000
   0.00000
   0.00000
   0.00000
   0.00000
   0.00000
   0.00000
   0.00000
   0.00000
   0.00000
   0.00000
   0.00000
   0.00000
   0.00000
   0.00000
   0.00000
   0.00000
   0.00000
   0.00000
   0.00000
   0.00000
   0.00000
   0.00000
   0.00000
   0.00000
   0.00000
   0.00000
   0.00000
   0.00000
   0.00000
   0.00000
   0.00000
   0.00000
   0.00000
   0.00000
   0.00000
   0.00000
   0.00000
   0.00000
   0.00000
   0.00000
   0.00000
   0.00000
   0.00000
   0.00000
   0.00000
   0.00000
   0.00000
   0.00000
   0.00000
   0.00000
   0.00000
   0.00000
   0.00000
   0.00000
   0.00000
   0.00000
   0.00000
   0.00000
   0.00000
   0.00000
   0.00000
   0.00000
   0.00000
   0.00000
   0.00000
   0.00000
   0.00000
   0.00000
   0.00000
   0.00000
   0.00000
   0.00000
   0.00000
   0.00000
   0.00000
   0.00000
   0.00000
   0.00000
   0.00000
   0.00000
   0.00000
   0.00000
   0.00000
   0.00000
   0.00000
   0.00000
   0.00000
   0.00000
   0.00000
   0.00000
   0.00000

